0 -1128.64 0.767543 -1129.4
0.005 -1129.16 0.225901 -1129.39
0.01 -1129.17 1.65739 -1130.83
0.015 -1129.18 4.47034 -1133.65
0.02 -1129.19 8.54265 -1137.73
0.025 -1129.2 13.7097 -1142.91
0.03 -1129.21 19.7827 -1148.99
0.035 -1129.22 26.5679 -1155.79
0.04 -1129.23 33.8829 -1163.11
0.045 -1129.24 41.5682 -1170.81
0.05 -1129.24 49.494 -1178.73
0.055 -1129.24 57.5618 -1186.8
0.06 -1129.15 65.7021 -1194.86
0.065 -1129.13 73.8693 -1203
0.07 -1129.13 82.036 -1211.17
0.075 -1129.13 90.1878 -1219.32
0.08 -1129.13 98.3183 -1227.44
0.085 -1129.12 106.426 -1235.55
0.09 -1129.03 114.512 -1243.55
0.095 -1129.03 122.578 -1251.61
0.1 -1129.03 130.625 -1259.66
0.105 -1129.02 138.657 -1267.68
0.11 -1129.02 146.676 -1275.7
0.115 -1129.02 154.683 -1283.7
0.12 -1128.92 162.682 -1291.6
0.125 -1128.92 170.674 -1299.59
0.13 -1128.92 178.662 -1307.58
0.135 -1128.91 186.646 -1315.56
0.14 -1128.91 194.63 -1323.54
0.145 -1128.91 202.612 -1331.52
0.15 -1128.9 210.595 -1339.5
0.155 -1128.86 218.579 -1347.44
0.16 -1128.82 226.564 -1355.38
0.165 -1128.82 234.552 -1363.37
0.17 -1128.81 242.542 -1371.35
0.175 -1128.73 250.536 -1379.27
0.18 -1128.72 258.534 -1387.25
0.185 -1128.72 266.535 -1395.25
0.19 -1128.71 274.542 -1403.25
0.195 -1128.71 282.553 -1411.26
0.2 -1128.71 290.569 -1419.28
0.205 -1128.71 298.59 -1427.3
0.21 -1128.7 306.616 -1435.31
0.215 -1128.68 314.647 -1443.33
0.22 -1128.65 322.682 -1451.34
0.225 -1128.6 330.722 -1459.33
0.23 -1128.54 338.766 -1467.31
0.235 -1128.53 346.813 -1475.34
0.24 -1128.53 354.865 -1483.39
0.245 -1128.52 362.92 -1491.44
0.25 -1128.52 370.978 -1499.5
0.255 -1128.52 379.041 -1507.56
0.26 -1128.52 387.107 -1515.62
0.265 -1128.5 395.176 -1523.68
0.27 -1128.49 403.25 -1531.74
0.275 -1128.47 411.327 -1539.8
0.28 -1128.43 419.407 -1547.84
0.285 -1128.38 427.491 -1555.87
0.29 -1128.36 435.578 -1563.94
0.295 -1128.35 443.668 -1572.02
0.3 -1128.35 451.761 -1580.11
0.305 -1128.34 459.857 -1588.2
0.31 -1128.33 467.955 -1596.29
0.315 -1128.32 476.057 -1604.38
0.32 -1128.31 484.162 -1612.47
0.325 -1128.3 492.271 -1620.57
0.33 -1128.28 500.383 -1628.66
0.335 -1128.26 508.501 -1636.76
0.34 -1128.23 516.623 -1644.85
0.345 -1128.2 524.751 -1652.95
0.35 -1128.18 532.886 -1661.07
0.355 -1128.17 541.026 -1669.2
0.36 -1128.16 549.173 -1677.34
0.365 -1128.15 557.328 -1685.48
0.37 -1128.14 565.49 -1693.63
0.375 -1128.13 573.66 -1701.79
0.38 -1128.11 581.839 -1709.95
0.385 -1128.09 590.027 -1718.12
0.39 -1128.07 598.225 -1726.29
0.395 -1128.05 606.433 -1734.48
0.4 -1128.03 614.653 -1742.69
0.405 -1128.02 622.885 -1750.91
0.41 -1128.01 631.131 -1759.14
0.415 -1127.99 639.391 -1767.38
0.42 -1127.97 647.667 -1775.64
0.425 -1127.96 655.959 -1783.91
0.43 -1127.93 664.268 -1792.2
0.435 -1127.91 672.596 -1800.51
0.44 -1127.9 680.944 -1808.84
0.445 -1127.88 689.314 -1817.2
0.45 -1127.87 697.706 -1825.57
0.455 -1127.85 706.123 -1833.97
0.46 -1127.83 714.566 -1842.4
0.465 -1127.81 723.037 -1850.85
0.47 -1127.79 731.54 -1859.33
0.475 -1127.77 740.076 -1867.85
0.48 -1127.75 748.648 -1876.4
0.485 -1127.73 757.261 -1884.99
0.49 -1127.71 765.916 -1893.63
0.495 -1127.69 774.618 -1902.31
0.5 -1127.67 783.372 -1911.04
0.505 -1127.64 792.18 -1919.82
0.51 -1127.62 801.049 -1928.67
0.515 -1127.6 809.983 -1937.58
0.52 -1127.58 818.988 -1946.57
0.525 -1127.56 828.069 -1955.63
0.53 -1127.55 837.233 -1964.78
0.535 -1127.53 846.488 -1974.01
0.54 -1127.51 855.84 -1983.35
0.545 -1127.49 865.298 -1992.79
0.55 -1127.47 874.87 -2002.34
0.555 -1127.45 884.565 -2012.02
0.56 -1127.43 894.395 -2021.83
0.565 -1127.42 904.368 -2031.79
0.57 -1127.4 914.497 -2041.9
0.575 -1127.38 924.792 -2052.18
0.58 -1127.36 935.267 -2062.63
0.585 -1127.35 945.934 -2073.28
0.59 -1127.33 956.807 -2084.14
0.595 -1127.31 967.9 -2095.21
0.6 -1127.29 979.228 -2106.52
0.605 -1127.27 990.805 -2118.08
0.61 -1127.25 1002.65 -2129.9
0.615 -1127.23 1014.77 -2142.01
0.62 -1127.22 1027.19 -2154.41
0.625 -1127.2 1039.93 -2167.13
0.63 -1127.18 1052.99 -2180.17
0.635 -1127.17 1066.4 -2193.56
0.64 -1127.15 1080.16 -2207.31
0.645 -1127.13 1094.29 -2221.42
0.65 -1127.11 1108.81 -2235.92
0.655 -1127.1 1123.71 -2250.81
0.66 -1127.08 1139.01 -2266.09
0.665 -1127.06 1154.71 -2281.77
0.67 -1127.05 1170.79 -2297.85
0.675 -1127.04 1187.27 -2314.31
0.68 -1127.03 1204.12 -2331.14
0.685 -1127.01 1221.31 -2348.33
0.69 -1127 1238.83 -2365.83
0.695 -1126.98 1256.63 -2383.61
0.7 -1126.97 1274.65 -2401.62
0.705 -1126.96 1292.84 -2419.8
0.71 -1126.95 1311.11 -2438.06
0.715 -1126.94 1329.35 -2456.3
0.72 -1126.94 1347.47 -2474.41
0.725 -1126.93 1365.31 -2492.24
0.73 -1126.93 1382.73 -2509.66
0.735 -1126.93 1399.57 -2526.5
0.74 -1126.92 1415.68 -2542.6
0.745 -1126.92 1430.92 -2557.84
0.75 -1126.91 1445.18 -2572.09
0.755 -1126.9 1458.44 -2585.33
0.76 -1126.87 1470.73 -2597.6
0.765 -1126.85 1482.16 -2609.02
0.77 -1126.83 1492.89 -2619.72
0.775 -1126.81 1503.07 -2629.88
0.78 -1126.8 1512.81 -2639.6
0.785 -1126.79 1522.17 -2648.96
0.79 -1126.79 1531.16 -2657.95
0.795 -1126.78 1539.74 -2666.53
0.8 -1126.78 1547.87 -2674.65
0.805 -1126.77 1555.5 -2682.26
0.81 -1126.76 1562.59 -2689.35
0.815 -1126.75 1569.12 -2695.87
0.82 -1126.75 1575.05 -2701.79
0.825 -1126.74 1580.31 -2707.05
0.83 -1126.74 1584.83 -2711.57
0.835 -1126.74 1588.53 -2715.27
0.84 -1126.73 1591.34 -2718.07
0.845 -1126.72 1593.19 -2719.91
0.85 -1126.71 1594.08 -2720.79
0.855 -1126.69 1594.05 -2720.74
0.86 -1126.67 1593.18 -2719.85
0.865 -1126.65 1591.59 -2718.24
0.87 -1126.63 1589.43 -2716.06
0.875 -1126.61 1586.85 -2713.46
0.88 -1126.59 1584 -2710.59
0.885 -1126.58 1580.99 -2707.57
0.89 -1126.56 1577.91 -2704.47
0.895 -1126.55 1574.85 -2701.4
0.9 -1126.53 1571.88 -2698.41
0.905 -1126.52 1569.06 -2695.58
0.91 -1126.5 1566.47 -2692.98
0.915 -1126.48 1564.21 -2690.69
0.92 -1126.46 1562.33 -2688.79
0.925 -1126.45 1560.9 -2687.34
0.93 -1126.44 1559.93 -2686.37
0.935 -1126.44 1559.41 -2685.85
0.94 -1126.43 1559.27 -2685.7
0.945 -1126.43 1559.38 -2685.81
0.95 -1126.43 1559.63 -2686.06
0.955 -1126.43 1559.84 -2686.27
0.96 -1126.43 1559.88 -2686.31
0.965 -1126.43 1559.59 -2686.02
0.97 -1126.43 1558.85 -2685.28
0.975 -1126.42 1557.57 -2683.99
0.98 -1126.42 1555.68 -2682.09
0.985 -1126.41 1553.16 -2679.57
0.99 -1126.39 1550.03 -2676.42
0.995 -1126.37 1546.38 -2672.75
1 -1126.35 1542.33 -2668.68
1.005 -1126.33 1538.06 -2664.39
1.01 -1126.31 1533.77 -2660.08
1.015 -1126.29 1529.68 -2655.96
1.02 -1126.27 1525.94 -2652.21
1.025 -1126.26 1522.7 -2648.96
1.03 -1126.25 1520.02 -2646.27
1.035 -1126.24 1517.89 -2644.13
1.04 -1126.24 1516.26 -2642.5
1.045 -1126.23 1515.05 -2641.28
1.05 -1126.23 1514.17 -2640.4
1.055 -1126.22 1513.54 -2639.76
1.06 -1126.21 1513.1 -2639.31
1.065 -1126.2 1512.81 -2639.01
1.07 -1126.19 1512.66 -2638.85
1.075 -1126.18 1512.64 -2638.82
1.08 -1126.17 1512.74 -2638.91
1.085 -1126.16 1512.96 -2639.12
1.09 -1126.15 1513.25 -2639.41
1.095 -1126.14 1513.6 -2639.74
1.1 -1126.14 1513.94 -2640.08
1.105 -1126.13 1514.24 -2640.37
1.11 -1126.12 1514.46 -2640.58
1.115 -1126.11 1514.59 -2640.7
1.12 -1126.09 1514.61 -2640.7
1.125 -1126.08 1514.52 -2640.6
1.13 -1126.07 1514.34 -2640.41
1.135 -1126.05 1514.06 -2640.12
1.14 -1126.04 1513.69 -2639.73
1.145 -1126.02 1513.22 -2639.24
1.15 -1126.01 1512.64 -2638.64
1.155 -1126 1511.93 -2637.92
1.16 -1125.98 1511.08 -2637.06
1.165 -1125.97 1510.1 -2636.07
1.17 -1125.96 1508.97 -2634.94
1.175 -1125.95 1507.73 -2633.67
1.18 -1125.93 1506.37 -2632.3
1.185 -1125.92 1504.94 -2630.85
1.19 -1125.91 1503.45 -2629.36
1.195 -1125.9 1501.96 -2627.85
1.2 -1125.88 1500.49 -2626.37
1.205 -1125.86 1499.07 -2624.93
1.21 -1125.85 1497.74 -2623.6
1.215 -1125.84 1496.53 -2622.37
1.22 -1125.83 1495.43 -2621.26
1.225 -1125.82 1494.46 -2620.28
1.23 -1125.82 1493.59 -2619.41
1.235 -1125.8 1492.8 -2618.6
1.24 -1125.79 1492.04 -2617.83
1.245 -1125.78 1491.28 -2617.06
1.25 -1125.77 1490.47 -2616.24
1.255 -1125.75 1489.57 -2615.32
1.26 -1125.74 1488.55 -2614.29
1.265 -1125.73 1487.39 -2613.13
1.27 -1125.73 1486.1 -2611.82
1.275 -1125.72 1484.65 -2610.37
1.28 -1125.71 1483.06 -2608.77
1.285 -1125.7 1481.33 -2607.03
1.29 -1125.69 1479.45 -2605.13
1.295 -1125.67 1477.41 -2603.08
1.3 -1125.65 1475.21 -2600.86
1.305 -1125.64 1472.85 -2598.49
1.31 -1125.63 1470.34 -2595.97
1.315 -1125.61 1467.7 -2593.31
1.32 -1125.6 1464.96 -2590.56
1.325 -1125.58 1462.16 -2587.74
1.33 -1125.56 1459.37 -2584.93
1.335 -1125.55 1456.62 -2582.17
1.34 -1125.54 1453.97 -2579.51
1.345 -1125.52 1451.48 -2577
1.35 -1125.51 1449.17 -2574.67
1.355 -1125.5 1447.06 -2572.56
1.36 -1125.48 1445.17 -2570.65
1.365 -1125.47 1443.48 -2568.95
1.37 -1125.47 1441.96 -2567.43
1.375 -1125.46 1440.6 -2566.06
1.38 -1125.45 1439.33 -2564.79
1.385 -1125.45 1438.13 -2563.58
1.39 -1125.44 1436.95 -2562.39
1.395 -1125.43 1435.76 -2561.18
1.4 -1125.42 1434.51 -2559.92
1.405 -1125.41 1433.18 -2558.58
1.41 -1125.4 1431.74 -2557.14
1.415 -1125.39 1430.19 -2555.57
1.42 -1125.38 1428.5 -2553.87
1.425 -1125.36 1426.67 -2552.04
1.43 -1125.35 1424.71 -2550.06
1.435 -1125.34 1422.6 -2547.94
1.44 -1125.33 1420.37 -2545.7
1.445 -1125.32 1418.01 -2543.34
1.45 -1125.31 1415.56 -2540.87
1.455 -1125.29 1413.02 -2538.31
1.46 -1125.28 1410.42 -2535.7
1.465 -1125.26 1407.79 -2533.06
1.47 -1125.25 1405.15 -2530.41
1.475 -1125.24 1402.54 -2527.78
1.48 -1125.23 1399.98 -2525.21
1.485 -1125.22 1397.51 -2522.72
1.49 -1125.2 1395.14 -2520.35
1.495 -1125.2 1392.91 -2518.11
1.5 -1125.19 1390.83 -2516.01
1.505 -1125.18 1388.9 -2514.08
1.51 -1125.18 1387.12 -2512.3
1.515 -1125.17 1385.48 -2510.65
1.52 -1125.16 1383.96 -2509.12
1.525 -1125.15 1382.53 -2507.69
1.53 -1125.15 1381.18 -2506.33
1.535 -1125.15 1379.86 -2505
1.54 -1125.14 1378.54 -2503.68
1.545 -1125.13 1377.22 -2502.35
1.55 -1125.12 1375.84 -2500.97
1.555 -1125.12 1374.41 -2499.53
1.56 -1125.11 1372.9 -2498
1.565 -1125.1 1371.28 -2496.38
1.57 -1125.09 1369.57 -2494.66
1.575 -1125.08 1367.73 -2492.81
1.58 -1125.08 1365.77 -2490.85
1.585 -1125.07 1363.68 -2488.75
1.59 -1125.05 1361.46 -2486.51
1.595 -1125.04 1359.12 -2484.16
1.6 -1125.03 1356.66 -2481.69
1.605 -1125.02 1354.11 -2479.13
1.61 -1125.01 1351.48 -2476.49
1.615 -1125 1348.82 -2473.82
1.62 -1124.99 1346.14 -2471.14
1.625 -1124.98 1343.49 -2468.48
1.63 -1124.97 1340.91 -2465.88
1.635 -1124.97 1338.41 -2463.38
1.64 -1124.96 1336.03 -2461
1.645 -1124.95 1333.79 -2458.75
1.65 -1124.94 1331.7 -2456.65
1.655 -1124.93 1329.77 -2454.7
1.66 -1124.93 1327.98 -2452.91
1.665 -1124.91 1326.34 -2451.25
1.67 -1124.91 1324.83 -2449.74
1.675 -1124.9 1323.45 -2448.35
1.68 -1124.89 1322.16 -2447.05
1.685 -1124.89 1320.94 -2445.83
1.69 -1124.88 1319.78 -2444.66
1.695 -1124.87 1318.64 -2443.51
1.7 -1124.87 1317.49 -2442.36
1.705 -1124.86 1316.3 -2441.16
1.71 -1124.85 1315.07 -2439.92
1.715 -1124.84 1313.76 -2438.6
1.72 -1124.84 1312.37 -2437.2
1.725 -1124.82 1310.89 -2435.71
1.73 -1124.81 1309.33 -2434.14
1.735 -1124.81 1307.68 -2432.49
1.74 -1124.8 1305.97 -2430.77
1.745 -1124.8 1304.21 -2429
1.75 -1124.79 1302.4 -2427.19
1.755 -1124.78 1300.56 -2425.34
1.76 -1124.77 1298.7 -2423.47
1.765 -1124.76 1296.83 -2421.59
1.77 -1124.75 1294.96 -2419.7
1.775 -1124.74 1293.08 -2417.82
1.78 -1124.73 1291.21 -2415.94
1.785 -1124.72 1289.35 -2414.07
1.79 -1124.72 1287.49 -2412.21
1.795 -1124.71 1285.63 -2410.35
1.8 -1124.71 1283.78 -2408.49
1.805 -1124.7 1281.92 -2406.62
1.81 -1124.69 1280.06 -2404.74
1.815 -1124.68 1278.17 -2402.86
1.82 -1124.68 1276.27 -2400.94
1.825 -1124.67 1274.33 -2399
1.83 -1124.67 1272.36 -2397.02
1.835 -1124.66 1270.35 -2395.01
1.84 -1124.65 1268.3 -2392.95
1.845 -1124.64 1266.2 -2390.84
1.85 -1124.64 1264.07 -2388.71
1.855 -1124.63 1261.9 -2386.54
1.86 -1124.63 1259.71 -2384.34
1.865 -1124.62 1257.5 -2382.12
1.87 -1124.62 1255.28 -2379.9
1.875 -1124.61 1253.07 -2377.68
1.88 -1124.6 1250.87 -2375.47
1.885 -1124.59 1248.7 -2373.3
1.89 -1124.59 1246.58 -2371.17
1.895 -1124.58 1244.51 -2369.09
1.9 -1124.57 1242.51 -2367.09
1.905 -1124.57 1240.6 -2365.16
1.91 -1124.56 1238.77 -2363.33
1.915 -1124.55 1237.02 -2361.58
1.92 -1124.55 1235.37 -2359.92
1.925 -1124.54 1233.8 -2358.34
1.93 -1124.54 1232.3 -2356.83
1.935 -1124.53 1230.84 -2355.37
1.94 -1124.53 1229.41 -2353.95
1.945 -1124.52 1228 -2352.52
1.95 -1124.51 1226.57 -2351.08
1.955 -1124.51 1225.11 -2349.62
1.96 -1124.5 1223.62 -2348.11
1.965 -1124.49 1222.07 -2346.56
1.97 -1124.49 1220.48 -2344.97
1.975 -1124.48 1218.85 -2343.32
1.98 -1124.47 1217.17 -2341.65
1.985 -1124.46 1215.48 -2339.94
1.99 -1124.45 1213.77 -2338.22
1.995 -1124.44 1212.06 -2336.5
2 -1124.44 1210.36 -2334.8
2.005 -1124.43 1208.69 -2333.12
2.01 -1124.43 1207.04 -2331.47
2.015 -1124.42 1205.43 -2329.85
2.02 -1124.41 1203.86 -2328.27
2.025 -1124.41 1202.32 -2326.73
2.03 -1124.4 1200.83 -2325.23
2.035 -1124.4 1199.38 -2323.78
2.04 -1124.39 1197.99 -2322.38
2.045 -1124.39 1196.64 -2321.03
2.05 -1124.38 1195.36 -2319.74
2.055 -1124.38 1194.14 -2318.51
2.06 -1124.37 1192.97 -2317.35
2.065 -1124.37 1191.86 -2316.22
2.07 -1124.36 1190.78 -2315.14
2.075 -1124.35 1189.71 -2314.07
2.08 -1124.35 1188.66 -2313
2.085 -1124.34 1187.58 -2311.92
2.09 -1124.34 1186.47 -2310.81
2.095 -1124.33 1185.31 -2309.65
2.1 -1124.33 1184.11 -2308.43
2.105 -1124.32 1182.84 -2307.16
2.11 -1124.31 1181.52 -2305.84
2.115 -1124.31 1180.15 -2304.46
2.12 -1124.3 1178.74 -2303.04
2.125 -1124.29 1177.29 -2301.58
2.13 -1124.29 1175.82 -2300.11
2.135 -1124.28 1174.34 -2298.62
2.14 -1124.27 1172.86 -2297.14
2.145 -1124.27 1171.41 -2295.67
2.15 -1124.26 1169.99 -2294.25
2.155 -1124.26 1168.62 -2292.87
2.16 -1124.25 1167.31 -2291.56
2.165 -1124.24 1166.07 -2290.31
2.17 -1124.24 1164.92 -2289.16
2.175 -1124.24 1163.86 -2288.09
2.18 -1124.23 1162.88 -2287.11
2.185 -1124.23 1161.98 -2286.21
2.19 -1124.22 1161.16 -2285.37
2.195 -1124.21 1160.39 -2284.6
2.2 -1124.21 1159.66 -2283.87
2.205 -1124.2 1158.95 -2283.16
2.21 -1124.2 1158.26 -2282.46
2.215 -1124.2 1157.55 -2281.75
2.22 -1124.19 1156.83 -2281.02
2.225 -1124.19 1156.08 -2280.27
2.23 -1124.18 1155.31 -2279.49
2.235 -1124.17 1154.52 -2278.69
2.24 -1124.16 1153.71 -2277.88
2.245 -1124.16 1152.91 -2277.06
2.25 -1124.15 1152.1 -2276.25
2.255 -1124.14 1151.32 -2275.46
2.26 -1124.14 1150.55 -2274.69
2.265 -1124.14 1149.82 -2273.96
2.27 -1124.13 1149.12 -2273.25
2.275 -1124.13 1148.45 -2272.58
2.28 -1124.13 1147.82 -2271.94
2.285 -1124.12 1147.22 -2271.34
2.29 -1124.11 1146.65 -2270.76
2.295 -1124.1 1146.12 -2270.22
2.3 -1124.09 1145.63 -2269.72
2.305 -1124.08 1145.18 -2269.27
2.31 -1124.08 1144.79 -2268.86
2.315 -1124.07 1144.44 -2268.51
2.32 -1124.07 1144.15 -2268.22
2.325 -1124.07 1143.91 -2267.98
2.33 -1124.07 1143.7 -2267.77
2.335 -1124.07 1143.51 -2267.57
2.34 -1124.06 1143.31 -2267.38
2.345 -1124.06 1143.09 -2267.16
2.35 -1124.06 1142.84 -2266.89
2.355 -1124.05 1142.52 -2266.58
2.36 -1124.05 1142.15 -2266.19
2.365 -1124.04 1141.71 -2265.75
2.37 -1124.04 1141.21 -2265.25
2.375 -1124.03 1140.67 -2264.7
2.38 -1124.03 1140.1 -2264.12
2.385 -1124.02 1139.5 -2263.53
2.39 -1124.02 1138.91 -2262.93
2.395 -1124.01 1138.33 -2262.35
2.4 -1124.01 1137.79 -2261.79
2.405 -1124 1137.28 -2261.28
2.41 -1123.99 1136.81 -2260.81
2.415 -1123.98 1136.4 -2260.38
2.42 -1123.98 1136.04 -2260.02
2.425 -1123.98 1135.74 -2259.71
2.43 -1123.97 1135.48 -2259.45
2.435 -1123.97 1135.27 -2259.23
2.44 -1123.96 1135.09 -2259.05
2.445 -1123.96 1134.94 -2258.9
2.45 -1123.95 1134.82 -2258.77
2.455 -1123.95 1134.69 -2258.64
2.46 -1123.95 1134.57 -2258.51
2.465 -1123.94 1134.42 -2258.36
2.47 -1123.93 1134.23 -2258.17
2.475 -1123.93 1134 -2257.93
2.48 -1123.92 1133.71 -2257.63
2.485 -1123.92 1133.36 -2257.27
2.49 -1123.91 1132.93 -2256.84
2.495 -1123.91 1132.44 -2256.35
2.5 -1123.91 1131.89 -2255.79
2.505 -1123.9 1131.28 -2255.18
2.51 -1123.89 1130.64 -2254.53
2.515 -1123.89 1129.96 -2253.85
2.52 -1123.89 1129.27 -2253.15
2.525 -1123.88 1128.56 -2252.44
2.53 -1123.87 1127.85 -2251.72
2.535 -1123.87 1127.15 -2251.01
2.54 -1123.86 1126.45 -2250.31
2.545 -1123.85 1125.76 -2249.61
2.55 -1123.85 1125.08 -2248.93
2.555 -1123.85 1124.41 -2248.26
2.56 -1123.85 1123.74 -2247.59
2.565 -1123.84 1123.06 -2246.91
2.57 -1123.84 1122.37 -2246.22
2.575 -1123.83 1121.67 -2245.5
2.58 -1123.83 1120.95 -2244.78
2.585 -1123.83 1120.21 -2244.04
2.59 -1123.82 1119.48 -2243.3
2.595 -1123.81 1118.76 -2242.58
2.6 -1123.81 1118.09 -2241.9
2.605 -1123.8 1117.5 -2241.3
2.61 -1123.79 1117 -2240.79
2.615 -1123.79 1116.62 -2240.41
2.62 -1123.78 1116.4 -2240.18
2.625 -1123.78 1116.34 -2240.12
2.63 -1123.77 1116.45 -2240.22
2.635 -1123.76 1116.74 -2240.5
2.64 -1123.76 1117.2 -2240.95
2.645 -1123.76 1117.79 -2241.55
2.65 -1123.76 1118.5 -2242.25
2.655 -1123.76 1119.28 -2243.04
2.66 -1123.76 1120.09 -2243.85
2.665 -1123.76 1120.88 -2244.64
2.67 -1123.75 1121.61 -2245.37
2.675 -1123.75 1122.25 -2246
2.68 -1123.75 1122.75 -2246.5
2.685 -1123.74 1123.12 -2246.86
2.69 -1123.74 1123.33 -2247.07
2.695 -1123.73 1123.4 -2247.13
2.7 -1123.72 1123.35 -2247.07
2.705 -1123.72 1123.19 -2246.91
2.71 -1123.71 1122.95 -2246.66
2.715 -1123.71 1122.66 -2246.37
2.72 -1123.7 1122.34 -2246.04
2.725 -1123.7 1121.99 -2245.69
2.73 -1123.7 1121.61 -2245.31
2.735 -1123.69 1121.21 -2244.9
2.74 -1123.69 1120.77 -2244.45
2.745 -1123.68 1120.27 -2243.95
2.75 -1123.68 1119.72 -2243.4
2.755 -1123.67 1119.1 -2242.78
2.76 -1123.67 1118.42 -2242.09
2.765 -1123.67 1117.68 -2241.35
2.77 -1123.66 1116.91 -2240.56
2.775 -1123.65 1116.1 -2239.75
2.78 -1123.65 1115.28 -2238.93
2.785 -1123.64 1114.47 -2238.11
2.79 -1123.63 1113.69 -2237.32
2.795 -1123.63 1112.93 -2236.57
2.8 -1123.63 1112.22 -2235.85
2.805 -1123.63 1111.56 -2235.19
2.81 -1123.62 1110.96 -2234.58
2.815 -1123.62 1110.42 -2234.04
2.82 -1123.62 1109.96 -2233.58
2.825 -1123.61 1109.59 -2233.2
2.83 -1123.6 1109.31 -2232.91
2.835 -1123.6 1109.12 -2232.73
2.84 -1123.6 1109.04 -2232.63
2.845 -1123.6 1109.04 -2232.63
2.85 -1123.59 1109.12 -2232.71
2.855 -1123.59 1109.28 -2232.87
2.86 -1123.58 1109.5 -2233.08
2.865 -1123.58 1109.78 -2233.36
2.87 -1123.57 1110.11 -2233.68
2.875 -1123.57 1110.48 -2234.05
2.88 -1123.57 1110.89 -2234.46
2.885 -1123.57 1111.33 -2234.9
2.89 -1123.57 1111.79 -2235.36
2.895 -1123.57 1112.27 -2235.84
2.9 -1123.56 1112.74 -2236.3
2.905 -1123.56 1113.19 -2236.75
2.91 -1123.56 1113.59 -2237.15
2.915 -1123.56 1113.92 -2237.48
2.92 -1123.56 1114.16 -2237.72
2.925 -1123.56 1114.29 -2237.84
2.93 -1123.56 1114.29 -2237.84
2.935 -1123.56 1114.15 -2237.71
2.94 -1123.55 1113.88 -2237.43
2.945 -1123.54 1113.5 -2237.04
2.95 -1123.54 1113.02 -2236.56
2.955 -1123.53 1112.49 -2236.02
2.96 -1123.53 1111.94 -2235.47
2.965 -1123.52 1111.41 -2234.93
2.97 -1123.52 1110.91 -2234.43
2.975 -1123.52 1110.47 -2233.99
2.98 -1123.51 1110.08 -2233.59
2.985 -1123.52 1109.73 -2233.24
2.99 -1123.52 1109.41 -2232.92
2.995 -1123.51 1109.11 -2232.62
3 -1123.51 1108.83 -2232.34
3.005 -1123.51 1108.58 -2232.09
3.01 -1123.51 1108.34 -2231.85
3.015 -1123.5 1108.13 -2231.63
3.02 -1123.49 1107.96 -2231.45
3.025 -1123.49 1107.83 -2231.32
3.03 -1123.49 1107.74 -2231.22
3.035 -1123.49 1107.69 -2231.18
3.04 -1123.48 1107.69 -2231.17
3.045 -1123.48 1107.73 -2231.21
3.05 -1123.48 1107.81 -2231.29
3.055 -1123.48 1107.91 -2231.38
3.06 -1123.47 1108.01 -2231.49
3.065 -1123.48 1108.12 -2231.59
3.07 -1123.47 1108.2 -2231.67
3.075 -1123.47 1108.25 -2231.72
3.08 -1123.47 1108.24 -2231.71
3.085 -1123.47 1108.17 -2231.64
3.09 -1123.47 1108.05 -2231.52
3.095 -1123.46 1107.86 -2231.32
3.1 -1123.46 1107.63 -2231.09
3.105 -1123.45 1107.38 -2230.83
3.11 -1123.45 1107.12 -2230.57
3.115 -1123.45 1106.89 -2230.34
3.12 -1123.44 1106.7 -2230.15
3.125 -1123.44 1106.58 -2230.02
3.13 -1123.43 1106.54 -2229.97
3.135 -1123.43 1106.58 -2230.01
3.14 -1123.43 1106.69 -2230.11
3.145 -1123.43 1106.85 -2230.27
3.15 -1123.43 1107.03 -2230.46
3.155 -1123.43 1107.2 -2230.63
3.16 -1123.42 1107.32 -2230.75
3.165 -1123.42 1107.37 -2230.79
3.17 -1123.41 1107.32 -2230.74
3.175 -1123.41 1107.16 -2230.57
3.18 -1123.41 1106.89 -2230.3
3.185 -1123.41 1106.51 -2229.92
3.19 -1123.4 1106.04 -2229.44
3.195 -1123.4 1105.49 -2228.89
3.2 -1123.39 1104.91 -2228.3
3.205 -1123.39 1104.31 -2227.7
3.21 -1123.38 1103.73 -2227.11
3.215 -1123.38 1103.18 -2226.56
3.22 -1123.37 1102.68 -2226.05
3.225 -1123.37 1102.22 -2225.6
3.23 -1123.37 1101.82 -2225.18
3.235 -1123.37 1101.44 -2224.81
3.24 -1123.37 1101.08 -2224.45
3.245 -1123.36 1100.72 -2224.08
3.25 -1123.36 1100.34 -2223.7
3.255 -1123.36 1099.93 -2223.28
3.26 -1123.36 1099.47 -2222.83
3.265 -1123.35 1098.97 -2222.33
3.27 -1123.35 1098.45 -2221.8
3.275 -1123.35 1097.91 -2221.26
3.28 -1123.34 1097.39 -2220.73
3.285 -1123.34 1096.91 -2220.25
3.29 -1123.34 1096.5 -2219.83
3.295 -1123.34 1096.17 -2219.51
3.3 -1123.33 1095.96 -2219.29
3.305 -1123.33 1095.85 -2219.17
3.31 -1123.33 1095.85 -2219.18
3.315 -1123.33 1095.96 -2219.29
3.32 -1123.33 1096.18 -2219.5
3.325 -1123.33 1096.49 -2219.82
3.33 -1123.33 1096.9 -2220.22
3.335 -1123.32 1097.38 -2220.7
3.34 -1123.32 1097.92 -2221.24
3.345 -1123.32 1098.51 -2221.82
3.35 -1123.31 1099.13 -2222.44
3.355 -1123.31 1099.76 -2223.07
3.36 -1123.31 1100.41 -2223.72
3.365 -1123.31 1101.06 -2224.37
3.37 -1123.3 1101.73 -2225.03
3.375 -1123.3 1102.41 -2225.71
3.38 -1123.29 1103.12 -2226.41
3.385 -1123.3 1103.86 -2227.15
3.39 -1123.3 1104.63 -2227.93
3.395 -1123.29 1105.44 -2228.74
3.4 -1123.29 1106.28 -2229.57
3.405 -1123.29 1107.14 -2230.43
3.41 -1123.29 1108.02 -2231.3
3.415 -1123.28 1108.88 -2232.17
3.42 -1123.29 1109.72 -2233.01
3.425 -1123.28 1110.53 -2233.81
3.43 -1123.28 1111.27 -2234.55
3.435 -1123.28 1111.94 -2235.22
3.44 -1123.28 1112.51 -2235.79
3.445 -1123.28 1112.97 -2236.25
3.45 -1123.28 1113.31 -2236.59
3.455 -1123.28 1113.53 -2236.81
3.46 -1123.27 1113.63 -2236.91
3.465 -1123.27 1113.63 -2236.9
3.47 -1123.27 1113.55 -2236.81
3.475 -1123.27 1113.4 -2236.66
3.48 -1123.26 1113.21 -2236.47
3.485 -1123.26 1113.01 -2236.27
3.49 -1123.25 1112.81 -2236.06
3.495 -1123.25 1112.63 -2235.87
3.5 -1123.25 1112.47 -2235.72
3.505 -1123.25 1112.35 -2235.6
3.51 -1123.25 1112.28 -2235.53
3.515 -1123.25 1112.26 -2235.51
3.52 -1123.24 1112.3 -2235.54
3.525 -1123.24 1112.39 -2235.64
3.53 -1123.24 1112.53 -2235.77
3.535 -1123.24 1112.69 -2235.93
3.54 -1123.24 1112.84 -2236.08
3.545 -1123.24 1112.95 -2236.19
3.55 -1123.25 1112.97 -2236.22
3.555 -1123.25 1112.88 -2236.13
3.56 -1123.24 1112.63 -2235.88
3.565 -1123.24 1112.23 -2235.47
3.57 -1123.24 1111.65 -2234.89
3.575 -1123.24 1110.94 -2234.17
3.58 -1123.23 1110.1 -2233.34
3.585 -1123.23 1109.19 -2232.42
3.59 -1123.23 1108.25 -2231.48
3.595 -1123.22 1107.33 -2230.55
3.6 -1123.22 1106.46 -2229.68
3.605 -1123.21 1105.69 -2228.9
3.61 -1123.21 1105.02 -2228.23
3.615 -1123.21 1104.5 -2227.71
3.62 -1123.2 1104.13 -2227.33
3.625 -1123.2 1103.91 -2227.11
3.63 -1123.2 1103.85 -2227.05
3.635 -1123.19 1103.96 -2227.15
3.64 -1123.19 1104.22 -2227.41
3.645 -1123.19 1104.62 -2227.81
3.65 -1123.18 1105.15 -2228.33
3.655 -1123.18 1105.78 -2228.96
3.66 -1123.18 1106.47 -2229.66
3.665 -1123.19 1107.2 -2230.39
3.67 -1123.19 1107.91 -2231.11
3.675 -1123.2 1108.58 -2231.77
3.68 -1123.2 1109.15 -2232.35
3.685 -1123.2 1109.58 -2232.78
3.69 -1123.2 1109.86 -2233.05
3.695 -1123.2 1109.93 -2233.13
3.7 -1123.2 1109.79 -2232.99
3.705 -1123.2 1109.42 -2232.62
3.71 -1123.19 1108.82 -2232.02
3.715 -1123.19 1107.99 -2231.18
3.72 -1123.19 1106.96 -2230.15
3.725 -1123.18 1105.76 -2228.94
3.73 -1123.17 1104.44 -2227.61
3.735 -1123.17 1103.07 -2226.23
3.74 -1123.16 1101.72 -2224.88
3.745 -1123.15 1100.47 -2223.62
3.75 -1123.14 1099.39 -2222.54
3.755 -1123.14 1098.57 -2221.7
3.76 -1123.13 1098.04 -2221.17
3.765 -1123.13 1097.85 -2220.98
3.77 -1123.13 1098.01 -2221.14
3.775 -1123.13 1098.49 -2221.62
3.78 -1123.13 1099.25 -2222.38
3.785 -1123.14 1100.22 -2223.36
3.79 -1123.14 1101.33 -2224.46
3.795 -1123.15 1102.48 -2225.62
3.8 -1123.15 1103.59 -2226.74
3.805 -1123.15 1104.61 -2227.76
3.81 -1123.15 1105.47 -2228.62
3.815 -1123.15 1106.14 -2229.29
3.82 -1123.15 1106.61 -2229.76
3.825 -1123.14 1106.89 -2230.03
3.83 -1123.14 1106.99 -2230.13
3.835 -1123.14 1106.93 -2230.07
3.84 -1123.13 1106.76 -2229.89
3.845 -1123.13 1106.49 -2229.62
3.85 -1123.13 1106.16 -2229.29
3.855 -1123.13 1105.8 -2228.93
3.86 -1123.12 1105.45 -2228.57
3.865 -1123.12 1105.12 -2228.24
3.87 -1123.11 1104.84 -2227.95
3.875 -1123.11 1104.6 -2227.71
3.88 -1123.11 1104.42 -2227.53
3.885 -1123.11 1104.29 -2227.4
3.89 -1123.11 1104.17 -2227.28
3.895 -1123.1 1104.07 -2227.17
3.9 -1123.1 1103.96 -2227.06
3.905 -1123.1 1103.84 -2226.94
3.91 -1123.1 1103.73 -2226.82
3.915 -1123.09 1103.62 -2226.72
3.92 -1123.09 1103.55 -2226.64
3.925 -1123.08 1103.53 -2226.61
3.93 -1123.08 1103.55 -2226.64
3.935 -1123.08 1103.63 -2226.72
3.94 -1123.08 1103.76 -2226.84
3.945 -1123.08 1103.9 -2226.98
3.95 -1123.08 1104.05 -2227.13
3.955 -1123.08 1104.18 -2227.27
3.96 -1123.08 1104.29 -2227.37
3.965 -1123.08 1104.37 -2227.45
3.97 -1123.08 1104.41 -2227.49
3.975 -1123.08 1104.45 -2227.54
3.98 -1123.08 1104.51 -2227.59
3.985 -1123.07 1104.62 -2227.7
3.99 -1123.07 1104.82 -2227.89
3.995 -1123.06 1105.13 -2228.2
4 -1123.07 1105.58 -2228.65
4.005 -1123.06 1106.17 -2229.23
4.01 -1123.06 1106.89 -2229.95
4.015 -1123.06 1107.72 -2230.79
4.02 -1123.07 1108.64 -2231.71
4.025 -1123.07 1109.61 -2232.68
4.03 -1123.07 1110.58 -2233.65
4.035 -1123.07 1111.52 -2234.59
4.04 -1123.07 1112.4 -2235.47
4.045 -1123.07 1113.19 -2236.26
4.05 -1123.07 1113.88 -2236.95
4.055 -1123.07 1114.46 -2237.53
4.06 -1123.07 1114.92 -2238
4.065 -1123.07 1115.27 -2238.33
4.07 -1123.07 1115.48 -2238.55
4.075 -1123.07 1115.56 -2238.62
4.08 -1123.06 1115.47 -2238.54
4.085 -1123.06 1115.21 -2238.27
4.09 -1123.06 1114.75 -2237.82
4.095 -1123.06 1114.09 -2237.16
4.1 -1123.06 1113.23 -2236.29
4.105 -1123.06 1112.17 -2235.23
4.11 -1123.05 1110.95 -2234
4.115 -1123.04 1109.6 -2232.64
4.12 -1123.04 1108.15 -2231.19
4.125 -1123.04 1106.63 -2229.67
4.13 -1123.04 1105.09 -2228.12
4.135 -1123.04 1103.54 -2226.58
4.14 -1123.03 1102.03 -2225.07
4.145 -1123.02 1100.6 -2223.62
4.15 -1123.02 1099.28 -2222.3
4.155 -1123.02 1098.12 -2221.13
4.16 -1123.02 1097.15 -2220.16
4.165 -1123.02 1096.4 -2219.42
4.17 -1123.01 1095.9 -2218.91
4.175 -1123.01 1095.67 -2218.67
4.18 -1123.01 1095.69 -2218.7
4.185 -1123.01 1095.97 -2218.98
4.19 -1123.01 1096.49 -2219.5
4.195 -1123.01 1097.23 -2220.24
4.2 -1123 1098.16 -2221.16
4.205 -1123 1099.24 -2222.25
4.21 -1123.01 1100.43 -2223.44
4.215 -1123.01 1101.68 -2224.69
4.22 -1123.01 1102.94 -2225.95
4.225 -1123.01 1104.16 -2227.17
4.23 -1123.01 1105.31 -2228.32
4.235 -1123.01 1106.34 -2229.35
4.24 -1123.01 1107.24 -2230.25
4.245 -1123.01 1108.01 -2231.02
4.25 -1123.01 1108.65 -2231.65
4.255 -1123 1109.15 -2232.15
4.26 -1123 1109.52 -2232.52
4.265 -1123 1109.76 -2232.76
4.27 -1123 1109.86 -2232.86
4.275 -1123 1109.81 -2232.81
4.28 -1122.99 1109.61 -2232.61
4.285 -1123 1109.24 -2232.24
4.29 -1122.99 1108.71 -2231.7
4.295 -1122.99 1108.01 -2231
4.3 -1122.99 1107.15 -2230.14
4.305 -1122.99 1106.15 -2229.14
4.31 -1122.99 1105.03 -2228.02
4.315 -1122.98 1103.83 -2226.81
4.32 -1122.98 1102.58 -2225.56
4.325 -1122.97 1101.34 -2224.32
4.33 -1122.97 1100.14 -2223.11
4.335 -1122.96 1099.02 -2221.99
4.34 -1122.96 1098.02 -2220.98
4.345 -1122.96 1097.16 -2220.12
4.35 -1122.96 1096.46 -2219.42
4.355 -1122.96 1095.91 -2218.87
4.36 -1122.96 1095.51 -2218.47
4.365 -1122.96 1095.24 -2218.2
4.37 -1122.96 1095.1 -2218.05
4.375 -1122.96 1095.05 -2218.01
4.38 -1122.96 1095.09 -2218.05
4.385 -1122.96 1095.22 -2218.17
4.39 -1122.96 1095.42 -2218.38
4.395 -1122.96 1095.71 -2218.67
4.4 -1122.96 1096.09 -2219.04
4.405 -1122.95 1096.55 -2219.51
4.41 -1122.95 1097.1 -2220.05
4.415 -1122.95 1097.71 -2220.66
4.42 -1122.95 1098.37 -2221.32
4.425 -1122.95 1099.04 -2221.99
4.43 -1122.95 1099.7 -2222.65
4.435 -1122.95 1100.32 -2223.27
4.44 -1122.94 1100.88 -2223.83
4.445 -1122.94 1101.35 -2224.3
4.45 -1122.94 1101.72 -2224.67
4.455 -1122.94 1101.98 -2224.92
4.46 -1122.94 1102.11 -2225.05
4.465 -1122.94 1102.14 -2225.08
4.47 -1122.94 1102.09 -2225.03
4.475 -1122.93 1102.01 -2224.94
4.48 -1122.93 1101.93 -2224.86
4.485 -1122.93 1101.9 -2224.82
4.49 -1122.92 1101.94 -2224.86
4.495 -1122.92 1102.07 -2224.99
4.5 -1122.92 1102.27 -2225.2
4.505 -1122.93 1102.53 -2225.46
4.51 -1122.93 1102.8 -2225.73
4.515 -1122.93 1103.04 -2225.97
4.52 -1122.93 1103.21 -2226.14
4.525 -1122.93 1103.28 -2226.22
4.53 -1122.93 1103.26 -2226.19
4.535 -1122.92 1103.14 -2226.07
4.54 -1122.92 1102.95 -2225.87
4.545 -1122.93 1102.69 -2225.62
4.55 -1122.93 1102.36 -2225.29
4.555 -1122.93 1101.95 -2224.88
4.56 -1122.93 1101.46 -2224.39
4.565 -1122.93 1100.88 -2223.81
4.57 -1122.92 1100.25 -2223.18
4.575 -1122.92 1099.62 -2222.54
4.58 -1122.91 1099.04 -2221.96
4.585 -1122.91 1098.61 -2221.52
4.59 -1122.91 1098.38 -2221.29
4.595 -1122.91 1098.39 -2221.3
4.6 -1122.91 1098.66 -2221.57
4.605 -1122.91 1099.17 -2222.07
4.61 -1122.91 1099.88 -2222.79
4.615 -1122.91 1100.75 -2223.67
4.62 -1122.92 1101.73 -2224.64
4.625 -1122.92 1102.75 -2225.67
4.63 -1122.92 1103.76 -2226.68
4.635 -1122.92 1104.69 -2227.62
4.64 -1122.92 1105.52 -2228.44
4.645 -1122.92 1106.19 -2229.11
4.65 -1122.92 1106.68 -2229.61
4.655 -1122.92 1106.99 -2229.91
4.66 -1122.92 1107.1 -2230.02
4.665 -1122.92 1107.02 -2229.94
4.67 -1122.91 1106.76 -2229.68
4.675 -1122.91 1106.34 -2229.25
4.68 -1122.91 1105.79 -2228.7
4.685 -1122.91 1105.14 -2228.04
4.69 -1122.9 1104.43 -2227.33
4.695 -1122.9 1103.7 -2226.6
4.7 -1122.9 1103 -2225.9
4.705 -1122.89 1102.38 -2225.27
4.71 -1122.89 1101.87 -2224.76
4.715 -1122.89 1101.54 -2224.42
4.72 -1122.89 1101.43 -2224.31
4.725 -1122.88 1101.58 -2224.47
4.73 -1122.88 1102.03 -2224.91
4.735 -1122.88 1102.75 -2225.64
4.74 -1122.89 1103.7 -2226.59
4.745 -1122.9 1104.77 -2227.66
4.75 -1122.91 1105.83 -2228.74
4.755 -1122.91 1106.76 -2229.67
4.76 -1122.91 1107.44 -2230.35
4.765 -1122.91 1107.78 -2230.7
4.77 -1122.91 1107.76 -2230.68
4.775 -1122.91 1107.4 -2230.31
4.78 -1122.9 1106.75 -2229.65
4.785 -1122.89 1105.92 -2228.81
4.79 -1122.88 1105.03 -2227.91
4.795 -1122.88 1104.17 -2227.05
4.8 -1122.87 1103.45 -2226.32
4.805 -1122.87 1102.91 -2225.78
4.81 -1122.87 1102.59 -2225.46
4.815 -1122.87 1102.46 -2225.33
4.82 -1122.87 1102.48 -2225.35
4.825 -1122.87 1102.58 -2225.46
4.83 -1122.88 1102.71 -2225.59
4.835 -1122.88 1102.81 -2225.69
4.84 -1122.88 1102.84 -2225.72
4.845 -1122.88 1102.79 -2225.67
4.85 -1122.87 1102.67 -2225.54
4.855 -1122.87 1102.51 -2225.38
4.86 -1122.87 1102.34 -2225.21
4.865 -1122.86 1102.22 -2225.08
4.87 -1122.86 1102.18 -2225.04
4.875 -1122.86 1102.24 -2225.1
4.88 -1122.86 1102.42 -2225.27
4.885 -1122.86 1102.71 -2225.56
4.89 -1122.86 1103.09 -2225.95
4.895 -1122.86 1103.55 -2226.41
4.9 -1122.86 1104.05 -2226.92
4.905 -1122.86 1104.57 -2227.44
4.91 -1122.86 1105.09 -2227.95
4.915 -1122.86 1105.59 -2228.45
4.92 -1122.87 1106.04 -2228.91
4.925 -1122.87 1106.41 -2229.28
4.93 -1122.87 1106.66 -2229.53
4.935 -1122.87 1106.76 -2229.63
4.94 -1122.87 1106.7 -2229.57
4.945 -1122.87 1106.48 -2229.35
4.95 -1122.86 1106.14 -2229.01
4.955 -1122.85 1105.74 -2228.59
4.96 -1122.85 1105.33 -2228.17
4.965 -1122.84 1104.96 -2227.81
4.97 -1122.84 1104.7 -2227.54
4.975 -1122.84 1104.56 -2227.39
4.98 -1122.84 1104.54 -2227.37
4.985 -1122.84 1104.62 -2227.46
4.99 -1122.85 1104.76 -2227.61
4.995 -1122.85 1104.95 -2227.8
5 -1122.85 1105.14 -2227.99
