0 0 0 0
1 0 0 0
2 0 0 0
3 0 0 0
4 0 0 0
5 0 0 0
6 0 0 0
7 0 0 0
8 0 0 0
9 11.7272 0 0
10 868.531 0 0
11 1417.17 0 0
12 565.318 0 0
13 249.932 0 0
14 116.348 0 0
15 70.8496 0 0
16 78.1306 0 0
17 93.6741 0 0
18 215.074 0 0
19 430.126 0 0
20 433.212 0 0
21 455.997 0 0
22 514.247 0 0
23 381.972 0 0
24 235.16 0 0
25 157.907 0 0
26 118.315 0 0
27 103.017 0 0
28 193.22 0 0
29 357.154 0 0
30 398.67 0 0
31 367.32 0 0
32 297.742 0 0
33 295.031 0 0
34 266.181 0 0
35 205.332 0 0
36 169.62 0 0
37 164.672 0 0
38 183.958 0 0
39 255.857 0 0
40 319.096 0 0
41 319.844 0 0
42 285.73 0 0
43 248.428 0 0
44 225.32 0 0
45 206.027 0 0
46 176.268 0 0
47 170.882 0 0
48 185.735 0 0
49 208.027 0 0
50 239.52 0 0
51 225.289 0 0
52 217.966 0 0
53 214.487 0 0
54 184.561 0 0
55 173.493 0 0
56 162.817 0 0
57 164.968 0 0
58 160.515 0 0
59 189.916 0 0
60 182.305 0 0
61 204.702 0 0
62 179.781 0 0
63 181.712 0 0
64 167.545 0 0
65 164.258 0 0
66 150.539 0 0
67 151.374 0 0
68 158.69 0 0
69 165.796 0 0
70 168.862 0 0
71 180.079 0 0
72 168.594 0 0
73 162.836 0 0
74 149.969 0 0
75 157.047 0 0
76 144.176 0 0
77 150.735 0 0
78 157.736 0 0
79 143.54 0 0
80 163.9 0 0
81 155.835 0 0
82 161.663 0 0
83 154.771 0 0
84 147.666 0 0
85 151.523 0 0
86 141.675 0 0
87 140.602 0 0
88 147.466 0 0
89 145.64 0 0
90 144.91 0 0
91 148.545 0 0
92 148.315 0 0
93 154.389 0 0
94 152.418 0 0
95 137.823 0 0
96 135.9 0 0
97 141.689 0 0
98 143.32 0 0
99 142.36 0 0
100 146.328 0 0
101 140.495 0 0
102 143.317 0 0
103 144.393 0 0
104 153.367 0 0
105 136.979 0 0
106 138.98 0 0
107 139.464 0 0
108 133.631 0 0
109 143.312 0 0
110 143.744 0 0
111 144.167 0 0
112 136.944 0 0
113 142.188 0 0
114 140.946 0 0
115 144.411 0 0
116 143.171 0 0
117 136.128 0 0
118 139.949 0 0
119 139.71 0 0
120 142.381 0 0
121 138.982 0 0
122 140.966 0 0
123 139.824 0 0
124 142.281 0 0
125 140.767 0 0
126 147.706 0 0
127 132.692 0 0
128 139.462 0 0
129 139.737 0 0
130 139.52 0 0
131 140.274 0 0
132 135.972 0 0
133 142.465 0 0
134 141.405 0 0
135 137.19 0 0
136 135.253 0 0
137 136.7 0 0
138 135.828 0 0
139 139.417 0 0
140 134.687 0 0
141 139.921 0 0
142 141.732 0 0
143 140.966 0 0
144 129.196 0 0
145 134.872 0 0
146 131.561 0 0
147 131.101 0 0
148 132.147 0 0
149 134.989 0 0
150 135.361 0 0
151 128.269 0 0
152 140.578 0 0
153 131.782 0 0
154 131.754 0 0
155 129.064 0 0
156 122.748 0 0
157 125.202 0 0
158 128.027 0 0
159 132.413 0 0
160 129.803 0 0
161 126.536 0 0
162 130.458 0 0
163 131.023 0 0
164 122.873 0 0
165 119.727 0 0
166 124.456 0 0
167 118.867 0 0
168 120.996 0 0
169 123.944 0 0
170 129.564 0 0
171 123.797 0 0
172 130.645 0 0
173 128.425 0 0
174 111.91 0 0
175 112.451 0 0
176 122.094 0 0
177 115.399 0 0
178 122.242 0 0
179 117.127 0 0
180 124.767 0 0
181 126.622 0 0
182 124.097 0 0
183 119.691 0 0
184 115.765 0 0
185 111.795 0 0
186 113.841 0 0
187 112.3 0 0
188 119.894 0 0
189 121.781 0 0
190 117.8 0 0
191 126.41 0 0
192 121.04 0 0
193 122.718 0 0
194 116.359 0 0
195 112.589 0 0
196 108.047 0 0
197 108.789 0 0
198 124.678 0 0
199 118.628 0 0
200 117.005 0 0
201 121.953 0 0
202 122.137 0 0
203 119.034 0 0
204 119.074 0 0
205 113.074 0 0
206 114.376 0 0
207 110.45 0 0
208 111.294 0 0
209 121.854 0 0
210 118.1 0 0
211 124.991 0 0
212 118.936 0 0
213 114.8 0 0
214 116.12 0 0
215 113.587 0 0
216 113.136 0 0
217 111.299 0 0
218 112.975 0 0
219 108.544 0 0
220 120.106 0 0
221 118.055 0 0
222 112.589 0 0
223 117.07 0 0
224 114.847 0 0
225 111.373 0 0
226 105.33 0 0
227 112.423 0 0
228 108.17 0 0
229 110.264 0 0
230 108.405 0 0
231 114.537 0 0
232 115.824 0 0
233 111.92 0 0
234 105.47 0 0
235 105.698 0 0
236 105.049 0 0
237 108.091 0 0
238 106.904 0 0
239 105.062 0 0
240 104.559 0 0
241 109.794 0 0
242 108.291 0 0
243 110.003 0 0
244 101.612 0 0
245 101.263 0 0
246 100.013 0 0
247 104.11 0 0
248 102.538 0 0
249 101.106 0 0
250 100.703 0 0
251 100.176 0 0
252 101.544 0 0
253 101.771 0 0
254 98.2446 0 0
255 95.4307 0 0
256 99.4641 0 0
257 94.3804 0 0
258 99.5565 0 0
259 96.3516 0 0
260 94.0878 0 0
261 92.815 0 0
262 92.9465 0 0
263 95.9158 0 0
264 90.258 0 0
265 91.057 0 0
266 94.2388 0 0
267 90.5547 0 0
268 90.0396 0 0
269 93.8985 0 0
270 89.6681 0 0
271 81.7171 0 0
272 87.3746 0 0
273 92.467 0 0
274 87.0279 0 0
275 80.7617 0 0
276 86.6862 0 0
277 87.0621 0 0
278 88.921 0 0
279 84.56 0 0
280 87.3792 0 0
281 80.5669 0 0
282 82.0282 0 0
283 78.4828 0 0
284 79.4936 0 0
285 85.0127 0 0
286 79.6052 0 0
287 85.8606 0 0
288 79.7154 0 0
289 80.4846 0 0
290 76.4272 0 0
291 79.8232 0 0
292 78.0267 0 0
293 74.6157 0 0
294 72.7951 0 0
295 75.1879 0 0
296 81.3757 0 0
297 80.2462 0 0
298 77.4181 0 0
299 74.8214 0 0
300 70.7591 0 0
301 74.1667 0 0
302 71.0804 0 0
303 74.989 0 0
304 71.084 0 0
305 69.3405 0 0
306 70.6721 0 0
307 74.3758 0 0
308 76.5079 0 0
309 67.9815 0 0
310 71.9657 0 0
311 69.2311 0 0
312 65.1389 0 0
313 66.9618 0 0
314 66.5971 0 0
315 69.5136 0 0
316 68.1374 0 0
317 65.1658 0 0
318 67.3598 0 0
319 65.5549 0 0
320 67.1877 0 0
321 64.6521 0 0
322 64.797 0 0
323 63.17 0 0
324 63.1715 0 0
325 61.315 0 0
326 63.2233 0 0
327 62.5928 0 0
328 62.0632 0 0
329 63.6137 0 0
330 61.0616 0 0
331 63.758 0 0
332 58.9232 0 0
333 60.0828 0 0
334 58.5233 0 0
335 58.8233 0 0
336 57.466 0 0
337 59.7479 0 0
338 56.1391 0 0
339 56.6301 0 0
340 59.3618 0 0
341 58.2558 0 0
342 54.7865 0 0
343 56.3876 0 0
344 54.9304 0 0
345 55.5545 0 0
346 52.6842 0 0
347 53.6776 0 0
348 53.5236 0 0
349 53.8258 0 0
350 51.1748 0 0
351 50.8934 0 0
352 52.7807 0 0
353 53.712 0 0
354 49.2056 0 0
355 48.2613 0 0
356 50.5367 0 0
357 47.8578 0 0
358 48.6122 0 0
359 48.5212 0 0
360 46.0468 0 0
361 48.0767 0 0
362 45.0024 0 0
363 47.8559 0 0
364 45.4541 0 0
365 45.4604 0 0
366 41.1675 0 0
367 44.9532 0 0
368 45.2199 0 0
369 43.8484 0 0
370 41.9258 0 0
371 41.5559 0 0
372 40.5044 0 0
373 40.5664 0 0
374 41.308 0 0
375 41.4947 0 0
376 40.4968 0 0
377 38.155 0 0
378 40.3669 0 0
379 41.5606 0 0
380 39.0254 0 0
381 38.6728 0 0
382 38.0724 0 0
383 37.8486 0 0
384 35.9703 0 0
385 37.8999 0 0
386 36.2371 0 0
387 37.9918 0 0
388 36.0096 0 0
389 35.2225 0 0
390 38.5966 0 0
391 38.2948 0 0
392 34.5883 0 0
393 34.824 0 0
394 33.9692 0 0
395 34.165 0 0
396 35.6844 0 0
397 33.6728 0 0
398 35.3855 0 0
399 33.5042 0 0
400 33.6987 0 0
401 35.4779 0 0
402 33.4127 0 0
403 33.9215 0 0
404 33.3261 0 0
405 30.2218 0 0
406 33.9452 0 0
407 34.1353 0 0
408 31.3635 0 0
409 33.1913 0 0
410 31.8698 0 0
411 36.0468 0 0
412 31.368 0 0
413 32.2159 0 0
414 32.2534 0 0
415 30.3371 0 0
416 31.7928 0 0
417 31.8691 0 0
418 32.5536 0 0
419 31.6792 0 0
420 32.0959 0 0
421 31.2646 0 0
422 33.8652 0 0
423 30.5908 0 0
424 31.0811 0 0
425 32.3172 0 0
426 30.5249 0 0
427 31.0492 0 0
428 30.531 0 0
429 32.6092 0 0
430 32.2007 0 0
431 30.7613 0 0
432 31.8678 0 0
433 31.2803 0 0
434 29.2669 0 0
435 32.3792 0 0
436 31.6851 0 0
437 30.3759 0 0
438 29.8347 0 0
439 30.5635 0 0
440 32.3007 0 0
441 30.9658 0 0
442 30.752 0 0
443 30.7544 0 0
444 29.6469 0 0
445 29.616 0 0
446 31.6171 0 0
447 29.128 0 0
448 28.6372 0 0
449 31.0166 0 0
450 28.0155 0 0
451 29.716 0 0
452 30.4241 0 0
453 28.2162 0 0
454 26.5433 0 0
455 26.3453 0 0
456 23.1149 0 0
457 23.5862 0 0
458 20.6537 0 0
459 20.8166 0 0
460 20.1493 0 0
461 19.6573 0 0
462 17.4812 0 0
463 19.5725 0 0
464 17.3717 0 0
465 17.4028 0 0
466 17.9796 0 0
467 16.1027 0 0
468 17.699 0 0
469 16.1697 0 0
470 14.9514 0 0
471 15.6286 0 0
472 14.9218 0 0
473 13.613 0 0
474 13.3496 0 0
475 14.2252 0 0
476 13.8279 0 0
477 13.599 0 0
478 12.8056 0 0
479 13.0444 0 0
480 12.7191 0 0
481 12.1308 0 0
482 12.2706 0 0
483 11.4223 0 0
484 10.249 0 0
485 11.3425 0 0
486 11.3191 0 0
487 10.5777 0 0
488 10.0022 0 0
489 10.2744 0 0
490 10.6428 0 0
491 10.2325 0 0
492 9.30693 0 0
493 8.51406 0 0
494 8.97962 0 0
495 10.5996 0 0
496 7.7574 0 0
497 8.73353 0 0
498 8.30096 0 0
499 8.22062 0 0
500 8.42679 0 0
501 8.63213 0 0
502 7.69645 0 0
503 7.61794 0 0
504 7.63439 0 0
505 7.49335 0 0
506 6.88153 0 0
507 7.02477 0 0
508 6.82316 0 0
509 6.90348 0 0
510 5.73644 0 0
511 6.00526 0 0
512 6.95624 0 0
513 6.75672 0 0
514 6.34145 0 0
515 6.3909 0 0
516 6.13201 0 0
517 5.10526 0 0
518 5.1875 0 0
519 5.51451 0 0
520 5.35103 0 0
521 4.66936 0 0
522 5.20871 0 0
523 5.50278 0 0
524 5.58332 0 0
525 5.3304 0 0
526 4.9273 0 0
527 3.98265 0 0
528 4.45694 0 0
529 4.41847 0 0
530 3.78012 0 0
531 3.71312 0 0
532 4.0648 0 0
533 4.77316 0 0
534 3.75183 0 0
535 4.72561 0 0
536 3.76751 0 0
537 4.08621 0 0
538 3.51707 0 0
539 3.21555 0 0
540 2.94459 0 0
541 2.79219 0 0
542 2.72837 0 0
543 3.45543 0 0
544 3.50755 0 0
545 3.32606 0 0
546 2.79577 0 0
547 3.08136 0 0
548 2.75656 0 0
549 2.43294 0 0
550 2.3707 0 0
551 2.45298 0 0
552 1.78599 0 0
553 2.55913 0 0
554 2.23879 0 0
555 2.80777 0 0
556 2.28794 0 0
557 1.96981 0 0
558 2.13726 0 0
559 1.90588 0 0
560 1.90248 0 0
561 1.30385 0 0
562 1.78254 0 0
563 2.20303 0 0
564 1.69164 0 0
565 1.77308 0 0
566 1.40472 0 0
567 1.6827 0 0
568 1.23181 0 0
569 1.34143 0 0
570 1.36697 0 0
571 1.25319 0 0
572 1.1676 0 0
573 1.52633 0 0
574 1.44057 0 0
575 1.27213 0 0
576 1.18711 0 0
577 0.79922 0 0
578 1.183 0 0
579 0.988711 0 0
580 1.31601 0 0
581 1.01268 0 0
582 0.874328 0 0
583 0.818277 0 0
584 1.307 0 0
585 1.00576 0 0
586 0.786955 0 0
587 0.948157 0 0
588 0.865413 0 0
589 0.94494 0 0
590 0.94334 0 0
591 0.887931 0 0
592 0.859571 0 0
593 0.777674 0 0
594 0.88345 0 0
595 0.748336 0 0
596 0.667037 0 0
597 0.825741 0 0
598 0.930731 0 0
599 0.716795 0 0
600 0.84812 0 0
601 0.529193 0 0
602 0.950967 0 0
603 0.290092 0 0
604 0.737194 0 0
605 0.683407 0 0
606 0.656039 0 0
607 0.890744 0 0
608 0.601572 0 0
609 0.496135 0 0
610 0.573531 0 0
611 0.442459 0 0
612 0.597643 0 0
613 0.570727 0 0
614 0.517998 0 0
615 0.439583 0 0
616 0.697029 0 0
617 0.592804 0 0
618 0.283056 0 0
619 0.488127 0 0
620 0.333443 0 0
621 0.358515 0 0
622 0.43464 0 0
623 0.357365 0 0
624 0.484218 0 0
625 0.254444 0 0
626 0.33025 0 0
627 0.405813 0 0
628 0.25323 0 0
629 0.27811 0 0
630 0.227184 0 0
631 0.201621 0 0
632 0.100651 0 0
633 0.175862 0 0
634 0.175585 0 0
635 0.0751322 0 0
636 0.150028 0 0
637 0.199724 0 0
638 0.0997055 0 0
639 0 0 0
640 0.0496971 0 0
641 0.0248098 0 0
642 0 0 0
643 0 0 0
644 0 0 0
645 0 0 0
646 0 0 0
647 0 0 0
648 0 0 0
649 0 0 0
650 0 0 0
651 0 0 0
652 0 0 0
653 0 0 0
654 0 0 0
655 0 0 0
656 0 0 0
657 0 0 0
658 0 0 0
659 0 0 0
660 0 0 0
661 0 0 0
662 0 0 0
663 0 0 0
664 0 0 0
665 0 0 0
666 0 0 0
667 0 0 0
668 0 0 0
669 0 0 0
670 0 0 0
671 0 0 0
672 0 0 0
673 0 0 0
674 0 0 0
675 0 0 0
676 0 0 0
677 0 0 0
678 0 0 0
679 0 0 0
680 0 0 0
681 0 0 0
682 0 0 0
683 0 0 0
684 0 0 0
685 0 0 0
686 0 0 0
687 0 0 0
688 0 0 0
689 0 0 0
690 0 0 0
691 0 0 0
692 0 0 0
693 0 0 0
694 0 0 0
695 0 0 0
696 0 0 0
697 0 0 0
698 0 0 0
699 0 0 0
