7
6
5
4
3
2
1
0
Ranks = 1 Time taken = 26906113790
7
6
5
4
3
2
1
0
Ranks = 2 Time taken = 18951432801
3
2
5
4
7
6
1
0
Ranks = 4 Time taken = 15878341775
1
2
3
5
6
7
0
4
Ranks = 8 Time taken = 13817397979
3
2
1
0
3
2
1
3
2
1
0
3
2
1
0
3
2
1
0
3
2
1
0
7
6
5
4
7
6
5
4
7
6
5
4
7
6
5
4
7
6
5
4
7
6
5
4
7
6
5
4
3
2
1
0
3
2
1
0
0
7
6
5
4
Ranks = 16 Time taken = 4088951659
1
0
1
0
1
0
1
0
1
0
1
0
3
2
3
2
3
2
5
4
5
4
5
4
7
6
7
6
7
6
7
6
7
6
1
0
1
0
3
2
3
2
3
2
3
2
3
2
5
4
5
4
5
4
5
4
5
4
7
6
7
6
7
6
Ranks = 32 Time taken = 2533660671
0
0
0
1
1
1
2
3
3
3
3
4
4
5
5
5
6
6
6
7
7
0
0
0
0
0
1
1
1
1
1
2
2
2
2
2
2
2
3
3
3
3
4
4
4
4
4
4
5
5
5
5
5
6
6
6
6
6
7
7
7
7
7
7
Ranks = 64 Time taken = 2560621072
