7
6
5
4
3
2
1
0
Ranks = 1 Time taken = 43358637125
7
6
3
2
1
5
4
0
Ranks = 2 Time taken = 33988373128
3
2
5
4
7
6
1
0
Ranks = 4 Time taken = 27242110377
1
2
4
5
6
7
0
3
Ranks = 8 Time taken = 27036294035
3
2
1
0
3
2
1
0
3
2
1
0
3
2
1
0
3
2
1
0
7
6
5
4
7
6
5
4
7
6
5
4
7
6
5
4
7
6
5
4
7
6
5
4
7
6
5
4
7
6
5
4
3
2
1
0
3
2
1
0
3
2
1
0
Ranks = 16 Time taken = 5046911547
1
0
1
0
1
0
1
0
3
2
3
2
3
2
5
4
7
6
7
6
7
6
7
6
7
6
7
6
1
0
1
0
1
0
1
0
3
2
3
2
3
2
3
2
3
2
5
4
5
4
5
4
5
4
5
4
5
4
5
4
7
6
7
6
Ranks = 32 Time taken = 5565529692
0
0
1
1
2
2
2
2
3
3
3
4
4
4
5
5
6
6
6
6
7
7
7
0
0
0
0
0
0
1
1
1
1
1
1
2
2
2
2
3
3
3
3
3
4
4
4
4
4
5
5
5
5
5
5
6
6
6
6
7
7
7
7
7
Ranks = 64 Time taken = 5636204976
