7
6
5
4
3
2
1
0
Ranks = 1 Time taken = 468545362315
7
6
5
4
3
2
1
0
Ranks = 2 Time taken = 239933568104
3
2
5
4
7
6
1
0
Ranks = 4 Time taken = 123297594104
1
2
3
4
5
6
7
0
Ranks = 8 Time taken = 61660315310
3
2
3
2
1
0
3
2
1
0
3
2
1
0
3
2
1
0
3
2
1
0
7
6
5
4
7
6
5
4
7
6
5
4
7
6
5
4
7
6
5
4
7
6
5
4
3
2
1
0
3
2
1
0
1
0
7
6
5
4
7
6
5
4
Ranks = 16 Time taken = 35945576558
1
0
1
0
1
0
1
0
3
2
5
4
5
4
5
4
7
6
7
6
7
6
7
6
1
0
1
0
1
0
1
0
3
2
3
2
3
2
3
2
3
2
3
2
3
2
5
4
5
4
5
4
5
4
5
4
7
6
7
6
7
6
7
6
Ranks = 32 Time taken = 19105803240
4
7
0
0
0
0
0
1
1
1
1
1
1
2
2
2
2
2
2
2
3
3
3
3
4
4
4
4
5
5
5
5
5
5
6
6
6
6
7
7
7
7
7
7
7
0
0
0
1
1
2
3
3
3
3
4
4
4
5
5
6
6
6
6
Ranks = 64 Time taken = 11157574248
