7
6
5
4
3
2
1
0
Ranks = 1 Time taken = 100703545849
7
6
5
4
3
2
1
0
Ranks = 2 Time taken = 51502182412
3
2
5
4
7
6
1
0
Ranks = 4 Time taken = 26380509042
1
2
6
7
3
4
5
0
Ranks = 8 Time taken = 13674442198
3
2
1
0
3
2
1
0
3
2
1
0
3
2
1
0
3
2
1
0
3
2
1
0
7
6
5
4
7
6
5
4
7
6
5
4
7
6
5
4
7
6
5
4
7
6
5
4
7
6
5
4
7
6
5
4
3
2
1
0
3
2
1
0
Ranks = 16 Time taken = 7727851969
1
0
1
0
1
0
1
0
1
0
3
2
3
2
3
2
3
2
3
2
3
2
3
2
5
4
5
4
5
4
5
4
5
4
5
4
7
6
7
6
1
0
1
0
1
0
3
2
5
4
5
4
7
6
7
6
7
6
7
6
7
6
7
6
Ranks = 32 Time taken = 4355896655
0
0
1
2
2
2
2
3
3
3
4
4
4
4
4
4
5
5
5
6
6
6
7
0
0
0
0
0
0
1
1
1
1
1
1
1
2
2
2
2
3
3
3
3
3
4
4
5
5
5
5
5
6
6
6
6
6
7
7
7
7
7
7
7
Ranks = 64 Time taken = 3283252182
