7
6
5
4
3
2
1
0
Ranks = 1 Time taken = 148724547811
7
6
5
4
3
2
1
0
Ranks = 2 Time taken = 77298960961
3
2
5
4
7
6
1
0
Ranks = 4 Time taken = 38103897025
1
3
5
6
7
0
2
4
Ranks = 8 Time taken = 19435520034
3
2
3
2
3
2
1
0
3
2
1
0
3
2
1
0
3
2
1
0
7
6
5
4
7
6
5
4
7
6
5
4
7
6
5
4
7
6
5
4
7
6
5
4
3
2
1
0
1
0
1
0
3
2
1
0
7
6
5
4
7
6
5
4
Ranks = 16 Time taken = 9763634208
1
0
1
0
1
0
1
0
3
2
3
2
3
2
5
4
5
4
5
4
5
4
5
4
5
4
7
6
7
6
1
0
1
0
1
0
1
0
3
2
3
2
3
2
3
2
3
2
5
4
5
4
7
6
7
6
7
6
7
6
7
6
7
6
Ranks = 32 Time taken = 5452614420
0
1
1
2
2
2
2
2
3
3
4
5
5
6
6
6
7
0
0
0
0
0
0
0
1
1
1
1
1
1
2
2
2
3
3
3
3
3
3
4
4
4
4
4
4
4
5
5
5
5
5
5
6
6
6
6
6
7
7
7
7
7
7
7
Ranks = 64 Time taken = 3762980330
