7
6
5
4
3
2
1
0
Ranks = 1 Time taken = 586210558206
7
6
3
2
1
0
5
4
Ranks = 2 Time taken = 531540830500
5
4
7
6
3
2
1
0
Ranks = 4 Time taken = 460880534198
1
2
3
4
5
6
7
0
Ranks = 8 Time taken = 458623432238
3
2
3
2
1
0
3
2
1
0
7
6
5
4
7
6
5
4
7
6
5
4
7
6
5
4
3
2
1
0
3
2
1
0
1
0
3
2
1
0
3
2
1
0
3
2
1
0
7
6
5
4
7
6
5
4
7
6
5
4
7
6
5
4
Ranks = 16 Time taken = 88279906435
1
0
1
0
1
0
3
2
3
2
5
4
5
4
5
4
7
6
1
0
1
0
1
0
1
0
1
0
3
2
3
2
3
2
3
2
3
2
3
2
5
4
5
4
5
4
5
4
5
4
7
6
7
6
7
6
7
6
7
6
7
6
7
6
Ranks = 32 Time taken = 77141220552
0
1
1
2
4
5
5
7
7
7
0
0
0
0
1
1
1
1
1
2
2
2
2
2
3
3
3
3
3
3
4
4
4
4
4
4
4
5
5
5
5
5
6
6
6
6
6
6
6
6
7
7
7
0
0
0
1
2
2
3
3
5
7
7
Ranks = 64 Time taken = 76259982022
