7
6
5
4
3
2
1
0
Ranks = 1 Time taken = 270186987530
7
6
5
4
3
2
1
0
Ranks = 2 Time taken = 237627593796
3
2
5
4
7
6
1
0
Ranks = 4 Time taken = 200453709846
1
2
3
4
5
6
7
0
Ranks = 8 Time taken = 199211487437
3
2
1
3
2
1
0
3
2
1
0
3
2
1
0
3
2
1
0
3
2
1
0
3
2
1
0
7
6
5
4
7
6
5
4
7
6
5
4
7
6
5
4
7
6
5
4
7
6
5
4
7
6
5
4
7
6
5
4
3
2
1
0
0
Ranks = 16 Time taken = 31951516820
1
0
1
0
1
0
3
2
3
2
5
4
5
4
5
4
5
4
5
4
5
4
7
6
7
6
7
6
7
6
7
6
1
0
1
0
1
0
1
0
1
0
3
2
3
2
3
2
3
2
3
2
3
2
5
4
5
4
7
6
7
6
7
6
Ranks = 32 Time taken = 28945285972
0
0
1
2
2
2
2
2
3
3
3
4
5
5
5
5
6
7
0
0
0
0
0
0
1
1
1
1
1
1
1
2
2
2
3
3
3
3
3
4
4
4
4
4
4
4
5
5
5
5
6
6
6
6
6
6
6
7
7
7
7
7
7
7
Ranks = 64 Time taken = 27633438556
