7
6
5
4
3
2
1
0
Ranks = 1 Time taken = 10400798130
7
6
5
3
4
2
1
0
Ranks = 2 Time taken = 6890179413
3
2
5
4
7
6
1
0
Ranks = 4 Time taken = 4532826459
2
3
4
5
6
7
0
1
Ranks = 8 Time taken = 4517858343
3
2
1
0
3
2
1
0
3
2
1
0
3
2
1
0
7
6
5
4
7
6
5
4
7
6
5
4
7
6
5
4
3
2
1
0
3
2
1
0
3
2
1
0
3
2
1
0
7
6
5
4
7
6
5
4
7
6
5
4
7
6
5
4
Ranks = 16 Time taken = 1081025428
1
0
1
0
3
2
3
2
3
2
5
4
5
4
7
6
7
6
7
6
7
6
1
0
1
0
1
0
1
0
1
0
1
0
3
2
3
2
3
2
3
2
3
2
5
4
5
4
5
4
5
4
5
4
5
4
7
6
7
6
7
6
7
6
Ranks = 32 Time taken = 823375650
0
0
0
1
1
1
1
1
1
2
2
2
2
3
3
3
3
4
4
4
4
4
5
5
5
5
6
6
6
6
7
7
7
7
0
0
0
0
0
1
1
2
2
2
2
3
3
3
3
4
4
4
5
5
5
5
6
6
6
6
7
7
7
7
Ranks = 64 Time taken = 703051414
