7
6
5
4
3
2
1
0
Ranks = 1 Time taken = 21594065701
7
6
5
4
3
2
1
0
Ranks = 2 Time taken = 11274375794
3
2
5
4
7
6
1
0
Ranks = 4 Time taken = 5877114951
1
2
3
4
5
6
7
0
Ranks = 8 Time taken = 3033456878
3
2
1
0
3
2
1
0
3
2
1
0
3
2
1
0
3
2
1
0
3
2
1
0
7
6
5
4
7
6
5
4
7
6
5
4
7
6
5
4
7
6
5
4
7
6
5
4
7
6
5
4
7
6
5
4
3
2
1
0
3
2
1
0
Ranks = 16 Time taken = 1699511490
1
0
3
2
3
2
3
2
5
4
5
4
7
6
7
6
7
6
7
6
7
6
1
0
1
0
1
0
1
0
1
0
1
0
1
0
3
2
3
2
3
2
3
2
3
2
5
4
5
4
5
4
5
4
5
4
5
4
7
6
7
6
7
6
Ranks = 32 Time taken = 1112457109
0
0
1
1
2
2
3
3
3
4
4
4
4
5
5
5
6
7
7
7
7
7
7
7
0
0
0
0
0
0
1
1
1
1
1
1
2
2
2
2
2
2
3
3
3
3
3
4
4
4
4
5
5
5
5
5
6
6
6
6
6
6
6
7
Ranks = 64 Time taken = 867267011
