7
6
5
4
3
2
1
0
Ranks = 1 Time taken = 318235217260
7
6
5
4
3
2
1
0
Ranks = 2 Time taken = 159376692954
3
2
5
4
7
6
1
0
Ranks = 4 Time taken = 81999273910
1
2
3
4
5
6
7
0
Ranks = 8 Time taken = 41210474567
3
2
1
0
3
2
1
0
3
2
1
0
3
2
1
0
3
2
1
0
7
6
5
4
7
6
5
4
7
6
5
4
7
6
5
4
7
6
5
4
3
2
1
0
3
2
1
0
7
6
5
4
7
6
5
4
7
6
5
4
3
2
1
0
Ranks = 16 Time taken = 21207969421
1
0
1
0
1
0
3
2
3
2
3
2
3
2
5
4
5
4
5
4
5
4
7
6
7
6
7
6
7
6
1
0
1
0
1
0
1
0
1
0
3
2
3
2
3
2
3
2
5
4
5
4
5
4
5
4
7
6
7
6
7
6
7
6
Ranks = 32 Time taken = 11558697630
0
0
1
1
1
1
1
3
3
3
4
4
4
5
5
6
6
6
7
7
7
0
0
0
0
0
0
1
1
1
2
2
2
2
2
2
2
2
3
3
3
3
3
4
4
4
4
4
5
5
5
5
5
5
6
6
6
6
6
7
7
7
7
7
Ranks = 64 Time taken = 7043587010
