7
6
5
4
3
2
1
0
Ranks = 1 Time taken = 9196130385
7
6
5
4
3
2
1
0
Ranks = 2 Time taken = 4687621485
3
2
5
4
7
6
1
0
Ranks = 4 Time taken = 2651740523
1
2
3
4
5
6
7
0
Ranks = 8 Time taken = 1474146443
3
2
1
0
3
2
1
0
3
2
1
0
3
2
1
0
3
2
1
0
3
2
1
0
3
2
1
0
7
6
5
4
7
6
5
4
7
6
5
4
7
6
5
4
7
6
5
4
7
6
5
4
7
6
5
4
7
6
5
4
3
2
1
0
Ranks = 16 Time taken = 792089995
1
0
1
0
1
0
3
2
3
2
3
2
5
4
5
4
5
4
5
4
7
6
7
6
1
0
1
0
1
0
1
0
1
0
3
2
3
2
3
2
3
2
3
2
5
4
5
4
5
4
5
4
7
6
7
6
7
6
7
6
7
6
7
6
Ranks = 32 Time taken = 488946568
0
1
1
1
1
2
3
4
4
5
5
6
7
0
0
0
0
0
1
1
1
1
2
2
2
2
2
2
2
3
3
3
3
3
3
3
4
4
4
4
4
4
5
5
5
5
5
5
6
6
6
6
6
6
6
7
7
7
7
7
7
7
0
0
Ranks = 64 Time taken = 353643296
