7
6
5
4
3
2
1
0
Ranks = 1 Time taken = 13709284927
7
6
5
4
3
2
1
0
Ranks = 2 Time taken = 8983510112
3
2
5
4
1
0
7
6
Ranks = 4 Time taken = 6148458554
1
2
3
4
5
6
0
7
Ranks = 8 Time taken = 5802251425
3
2
1
0
3
2
1
0
3
2
1
0
7
6
5
4
7
6
5
4
7
6
5
4
7
6
5
4
3
2
1
0
3
2
1
0
3
2
1
0
3
2
1
0
3
2
1
0
7
6
5
4
7
6
5
4
7
6
5
4
7
6
5
4
Ranks = 16 Time taken = 2210707459
1
0
1
0
3
2
3
2
3
2
3
2
3
2
5
4
5
4
5
4
5
4
5
4
5
4
7
6
7
6
7
6
1
0
1
0
1
0
1
0
1
0
1
0
3
2
3
2
3
2
5
4
5
4
7
6
7
6
7
6
7
6
7
6
Ranks = 32 Time taken = 1187833899
0
1
1
2
3
3
3
3
6
7
7
0
0
0
0
0
0
1
1
1
1
1
1
2
2
2
2
2
2
2
3
3
3
3
4
4
4
4
4
4
4
4
5
5
5
5
5
5
5
5
6
6
6
6
6
6
6
7
7
7
7
7
7
0
Ranks = 64 Time taken = 1328354705
