7
6
5
4
3
2
1
0
Ranks = 1 Time taken = 16492727416
7
6
3
2
1
0
5
4
Ranks = 2 Time taken = 12343097740
3
2
5
4
7
6
1
0
Ranks = 4 Time taken = 9203164979
1
2
3
4
5
6
7
0
Ranks = 8 Time taken = 8760907306
3
2
1
0
3
2
1
0
7
6
5
4
7
6
5
4
7
6
5
4
7
6
5
4
3
2
1
0
3
2
1
0
3
2
1
0
3
2
1
0
3
2
1
0
3
2
1
0
7
6
5
4
7
6
5
4
7
6
5
4
7
6
5
4
Ranks = 16 Time taken = 2309820150
1
0
1
0
1
0
3
2
5
4
7
6
7
6
1
0
1
0
1
0
1
0
1
0
3
2
3
2
3
2
3
2
3
2
3
2
3
2
5
4
5
4
5
4
5
4
5
4
5
4
5
4
7
6
7
6
7
6
7
6
7
6
7
6
Ranks = 32 Time taken = 1786166614
0
0
1
2
3
5
5
6
0
0
0
0
0
1
1
1
1
1
1
1
2
2
2
2
2
2
3
3
3
3
3
3
3
4
4
4
4
4
4
4
4
5
5
5
5
5
5
6
6
6
6
6
6
6
7
7
7
7
7
7
7
7
0
2
Ranks = 64 Time taken = 1923690784
