7
6
5
4
3
2
1
0
Ranks = 1 Time taken = 715115513418
7
6
5
4
3
2
1
0
Ranks = 2 Time taken = 375725954056
3
2
5
4
7
6
1
0
Ranks = 4 Time taken = 186140398702
1
2
3
4
5
6
7
0
Ranks = 8 Time taken = 97518059690
3
2
1
0
3
2
1
0
3
2
1
0
3
2
1
0
7
6
5
4
7
6
5
4
7
6
5
4
7
6
5
4
7
6
5
4
7
6
5
4
7
6
5
4
3
2
1
0
3
2
1
0
3
2
1
0
3
2
1
0
7
6
5
4
Ranks = 16 Time taken = 52162533027
1
0
1
0
3
2
3
2
3
2
3
2
3
2
5
4
5
4
5
4
5
4
7
6
7
6
7
6
1
0
1
0
1
0
1
0
1
0
1
0
3
2
3
2
3
2
5
4
5
4
5
4
5
4
7
6
7
6
7
6
7
6
7
6
Ranks = 32 Time taken = 27822756435
0
0
0
1
1
1
2
2
2
3
3
4
4
4
4
6
0
0
0
0
0
1
1
1
1
1
2
2
2
2
2
3
3
3
3
3
3
4
4
4
4
5
5
5
5
5
5
5
5
6
6
6
6
6
6
6
7
7
7
7
7
7
7
7
Ranks = 64 Time taken = 18136240001
