7
6
5
4
3
2
1
0
Ranks = 1 Time taken = 94091470102
7
6
5
4
3
2
1
0
Ranks = 2 Time taken = 79338723827
3
2
7
6
5
4
1
0
Ranks = 4 Time taken = 66804662794
1
2
3
4
5
6
7
0
Ranks = 8 Time taken = 64303201217
3
2
1
0
3
2
1
0
3
2
1
0
7
6
5
4
7
6
5
4
7
6
5
4
7
6
5
4
7
6
5
4
7
6
5
4
7
6
5
4
3
2
1
0
3
2
1
0
3
2
1
0
3
2
1
0
7
6
5
4
3
2
1
0
Ranks = 16 Time taken = 12795008462
1
0
1
0
1
0
3
2
3
2
3
2
3
2
5
4
5
4
5
4
5
4
5
4
7
6
7
6
7
6
7
6
7
6
7
6
7
6
1
0
1
0
1
0
1
0
1
0
3
2
3
2
3
2
3
2
5
4
5
4
5
4
7
6
Ranks = 32 Time taken = 10367080938
0
2
2
3
3
4
4
4
5
6
7
7
7
0
0
0
0
0
0
0
1
1
1
1
1
1
1
1
2
2
2
2
2
2
3
3
3
3
3
3
4
4
4
4
4
5
5
5
5
5
5
5
6
6
6
6
6
6
6
7
7
7
7
7
Ranks = 64 Time taken = 10798858373
